-5.741916266484407005e-01
-2.292391471493590238e+00
4.760152383330669701e-01
-7.341678025385809825e+00
5.078801539738092563e-01
-1.465411408976099832e-02
-1.485965123507646979e+01
4.561347081197058007e-01
-9.516466256800868231e-03
1.530450362498651795e-04
4.230908832829209487e+00
-6.299832173693731274e-03
-1.923436693170796742e-03
4.609257355647147379e-05
-6.410889527201000197e-07
-2.935996843782822663e-01
-7.244281941134573036e-03
1.421820005208043487e-04
1.549516853192645137e-06
-6.511524412028402153e-08
9.354690355678485503e-10
