0.4 0.12 0.00850454
0.4 0.16 0.022069
0.4 0.2 0.0326929
0.4 0.24 0.0414262
0.4 0.28 0.0488418
0.4 0.32 0.0552852
0.4 0.36 0.0609822
0.4 0.4 0.0660877
0.5 0.15 0.00859285
0.5 0.2 0.0222737
0.5 0.25 0.0329684
0.5 0.3 0.0417497
0.5 0.35 0.0491994
0.5 0.4 0.0556686
0.5 0.45 0.0613853
0.5 0.5 0.0665064
0.6 0.18 0.00865488
0.6 0.24 0.0224142
0.6 0.3 0.0331568
0.6 0.36 0.0419702
0.6 0.42 0.0494427
0.6 0.48 0.0559286
0.6 0.54 0.0616581
0.6 0.6 0.0667893
0.7 0.21 0.0086999
0.7 0.28 0.0225159
0.7 0.35 0.0332926
0.7 0.42 0.0421288
0.7 0.49 0.0496172
0.7 0.56 0.0561147
0.7 0.63 0.0618531
0.7 0.7 0.0669911
0.8 0.24 0.00873338
0.8 0.32 0.0225923
0.8 0.4 0.0333948
0.8 0.48 0.0422477
0.8 0.56 0.0497477
0.8 0.64 0.0562538
0.8 0.72 0.0619985
0.8 0.8 0.0671414
