0.4 0.12 0.00841344
0.4 0.16 0.0218412
0.4 0.2 0.0323623
0.4 0.24 0.0410127
0.4 0.28 0.0483576
0.4 0.32 0.054739
0.4 0.36 0.0603799
0.4 0.4 0.0654339
0.45 0.135 0.00846437
0.45 0.18 0.0219586
0.45 0.225 0.0325198
0.45 0.27 0.0411966
0.45 0.315 0.0485596
0.45 0.36 0.054954
0.45 0.405 0.0606042
0.45 0.45 0.065665
0.5 0.15 0.00850604
0.5 0.2 0.0220541
0.5 0.25 0.0326471
0.5 0.3 0.0413446
0.5 0.35 0.0487216
0.5 0.4 0.0551257
0.5 0.45 0.0607828
0.5 0.5 0.0658483
0.55 0.165 0.008541
0.55 0.22 0.0221327
0.55 0.275 0.0327514
0.55 0.33 0.0414654
0.55 0.385 0.0488534
0.55 0.44 0.0552648
0.55 0.495 0.0609268
0.55 0.55 0.0659955
0.6 0.18 0.00857035
0.6 0.24 0.0221985
0.6 0.3 0.0328385
0.6 0.36 0.0415657
0.6 0.42 0.0489622
0.6 0.48 0.0553792
0.6 0.54 0.0610447
0.6 0.6 0.0661154
0.65 0.195 0.00859499
0.65 0.26 0.0222537
0.65 0.325 0.0329113
0.65 0.39 0.0416491
0.65 0.455 0.0490524
0.65 0.52 0.0554734
0.65 0.585 0.0611413
0.65 0.65 0.0662132
0.7 0.21 0.00861623
0.7 0.28 0.022301
0.7 0.35 0.0329732
0.7 0.42 0.0417198
0.7 0.49 0.0491282
0.7 0.56 0.0555523
0.7 0.63 0.0612217
0.7 0.7 0.066294
0.75 0.225 0.00863445
0.75 0.3 0.0223415
0.75 0.375 0.033026
0.75 0.45 0.0417797
0.75 0.525 0.0491922
0.75 0.6 0.0556184
0.75 0.675 0.0612885
0.75 0.75 0.0663606
0.8 0.24 0.00865046
0.8 0.32 0.0223767
0.8 0.4 0.0330716
0.8 0.48 0.0418311
0.8 0.56 0.0492467
0.8 0.64 0.0556742
0.8 0.72 0.0613445
0.8 0.8 0.0664159
