0.4 0.12 0.00904968
0.4 0.16 0.0233878
0.4 0.2 0.0345492
0.4 0.24 0.0436881
0.4 0.28 0.0514268
0.4 0.32 0.0581378
0.4 0.36 0.0640623
0.4 0.4 0.0693656
0.5 0.15 0.00908526
0.5 0.2 0.0234671
0.5 0.25 0.0346534
0.5 0.3 0.0438093
0.5 0.35 0.0515598
0.5 0.4 0.0582796
0.5 0.45 0.0642116
0.5 0.5 0.0695267
0.6 0.18 0.00910848
0.6 0.24 0.0235191
0.6 0.3 0.0347225
0.6 0.36 0.0438896
0.6 0.42 0.051648
0.6 0.48 0.0583794
0.6 0.54 0.0643186
0.6 0.6 0.0696313
0.7 0.21 0.00912514
0.7 0.28 0.023556
0.7 0.35 0.0347716
0.7 0.42 0.0439466
0.7 0.49 0.0517172
0.7 0.56 0.058448
0.7 0.63 0.064386
0.7 0.7 0.0696994
0.8 0.24 0.00913719
0.8 0.32 0.0235834
0.8 0.4 0.0348078
0.8 0.48 0.0439922
0.8 0.56 0.0517616
0.8 0.64 0.0584932
0.8 0.72 0.0644331
0.8 0.8 0.069748
