0.4 0.12 0.0090457
0.4 0.16 0.0233763
0.4 0.2 0.0345331
0.4 0.24 0.043668
0.4 0.28 0.051403
0.4 0.32 0.0581105
0.4 0.36 0.0640318
0.4 0.4 0.0693317
0.45 0.135 0.00906438
0.45 0.18 0.0234215
0.45 0.225 0.0345924
0.45 0.27 0.043737
0.45 0.315 0.0514789
0.45 0.36 0.0581915
0.45 0.405 0.0641163
0.45 0.45 0.069417
0.5 0.15 0.00908129
0.5 0.2 0.0234584
0.5 0.25 0.0346407
0.5 0.3 0.0437932
0.5 0.35 0.0515405
0.5 0.4 0.058257
0.5 0.45 0.0641825
0.5 0.5 0.0694854
0.55 0.165 0.00909443
0.55 0.22 0.0234878
0.55 0.275 0.0346797
0.55 0.33 0.0438384
0.55 0.385 0.0515901
0.55 0.44 0.0583077
0.55 0.495 0.0642356
0.55 0.55 0.0695403
0.6 0.18 0.00910577
0.6 0.24 0.023512
0.6 0.3 0.0347118
0.6 0.36 0.0438757
0.6 0.42 0.0516299
0.6 0.48 0.0583493
0.6 0.54 0.064279
0.6 0.6 0.0695852
0.65 0.195 0.00911535
0.65 0.26 0.0235327
0.65 0.325 0.0347392
0.65 0.39 0.0439074
0.65 0.455 0.0516628
0.65 0.52 0.0583842
0.65 0.585 0.0643155
0.65 0.65 0.0696229
0.7 0.21 0.0091227
0.7 0.28 0.0235496
0.7 0.35 0.0347618
0.7 0.42 0.0439325
0.7 0.49 0.0516898
0.7 0.56 0.058413
0.7 0.63 0.0643456
0.7 0.7 0.0696523
0.75 0.225 0.00912919
0.75 0.3 0.0235644
0.75 0.375 0.0347814
0.75 0.45 0.0439538
0.75 0.525 0.0517131
0.75 0.6 0.0584378
0.75 0.675 0.0643705
0.75 0.75 0.0696775
0.8 0.24 0.00913494
0.8 0.32 0.0235774
0.8 0.4 0.0347986
0.8 0.48 0.0439722
0.8 0.56 0.0517333
0.8 0.64 0.0584593
0.8 0.72 0.0643916
0.8 0.8 0.0696991
