0.4 0.12 0.00333036
0.4 0.16 0.00666046
0.4 0.2 0.00782635
0.4 0.24 0.0082056
0.4 0.28 0.0083251
0.4 0.32 0.00836248
0.4 0.36 0.00837421
0.4 0.4 0.00837792
0.5 0.15 0.00216651
0.5 0.2 0.00387922
0.5 0.25 0.0043023
0.5 0.3 0.00440193
0.5 0.35 0.00442527
0.5 0.4 0.00443079
0.5 0.45 0.00443212
0.5 0.5 0.00443245
0.6 0.18 0.00128617
0.6 0.24 0.00209195
0.6 0.3 0.00223543
0.6 0.36 0.00226057
0.6 0.42 0.00226504
0.6 0.48 0.00226586
0.6 0.54 0.00226602
0.6 0.6 0.00226604
0.7 0.21 0.000714038
0.7 0.28 0.00107434
0.7 0.35 0.00112164
0.7 0.42 0.00112792
0.7 0.49 0.00112878
0.7 0.56 0.0011289
0.7 0.63 0.00112892
0.7 0.7 0.00112893
0.8 0.24 0.000379246
0.8 0.32 0.000536127
0.8 0.4 0.000551572
0.8 0.48 0.000553149
0.8 0.56 0.000553317
0.8 0.64 0.000553339
0.8 0.72 0.000553337
0.8 0.8 0.000553347
