0.4 0.12 0.00369127
0.4 0.16 0.00850505
0.4 0.2 0.0109047
0.4 0.24 0.011895
0.4 0.28 0.0122438
0.4 0.32 0.0123561
0.4 0.36 0.0123909
0.4 0.4 0.0124015
0.45 0.135 0.00342238
0.45 0.18 0.00751494
0.45 0.225 0.00920588
0.45 0.27 0.00976283
0.45 0.315 0.00992196
0.45 0.36 0.00996473
0.45 0.405 0.00997598
0.45 0.45 0.00997892
0.5 0.15 0.00310657
0.5 0.2 0.00644157
0.5 0.25 0.00755757
0.5 0.3 0.00785275
0.5 0.35 0.00792255
0.5 0.4 0.00793845
0.5 0.45 0.00794203
0.5 0.5 0.00794283
0.55 0.165 0.00275143
0.55 0.22 0.0053556
0.55 0.275 0.0060544
0.55 0.33 0.00620502
0.55 0.385 0.00623498
0.55 0.44 0.0062408
0.55 0.495 0.00624193
0.55 0.55 0.00624216
0.6 0.18 0.00237148
0.6 0.24 0.00432535
0.6 0.3 0.00474618
0.6 0.36 0.00482127
0.6 0.42 0.00483396
0.6 0.48 0.00483607
0.6 0.54 0.00483643
0.6 0.6 0.00483646
0.65 0.195 0.00198636
0.65 0.26 0.00340165
0.65 0.325 0.00364824
0.65 0.39 0.00368515
0.65 0.455 0.00369048
0.65 0.52 0.00369124
0.65 0.585 0.00369133
0.65 0.65 0.00369135
0.7 0.21 0.00161696
0.7 0.28 0.00261239
0.7 0.35 0.00275423
0.7 0.42 0.0027722
0.7 0.49 0.00277442
0.7 0.56 0.0027747
0.7 0.63 0.00277473
0.7 0.7 0.00277474
0.75 0.225 0.00128108
0.75 0.3 0.00196484
0.75 0.375 0.00204542
0.75 0.45 0.00205412
0.75 0.525 0.00205504
0.75 0.6 0.00205513
0.75 0.675 0.00205516
0.75 0.75 0.00205514
0.8 0.24 0.000990347
0.8 0.32 0.00145148
0.8 0.4 0.00149688
0.8 0.48 0.00150107
0.8 0.56 0.00150145
0.8 0.64 0.00150148
0.8 0.72 0.00150149
0.8 0.8 0.00150149
