0.4 0.12 0.00850599
0.4 0.16 0.0220728
0.4 0.2 0.0326985
0.4 0.24 0.0414334
0.4 0.28 0.0488502
0.4 0.32 0.0552948
0.4 0.36 0.0609927
0.4 0.4 0.0660991
0.45 0.135 0.00855446
0.45 0.18 0.0221855
0.45 0.225 0.0328504
0.45 0.27 0.0416118
0.45 0.315 0.0490476
0.45 0.36 0.0555066
0.45 0.405 0.0612156
0.45 0.45 0.0663307
0.5 0.15 0.00859433
0.5 0.2 0.0222776
0.5 0.25 0.032974
0.5 0.3 0.0417569
0.5 0.35 0.0492079
0.5 0.4 0.0556782
0.5 0.45 0.0613959
0.5 0.5 0.066518
0.55 0.165 0.00862773
0.55 0.22 0.022354
0.55 0.275 0.0330764
0.55 0.33 0.0418768
0.55 0.385 0.0493403
0.55 0.44 0.0558198
0.55 0.495 0.0615446
0.55 0.55 0.0666721
0.6 0.18 0.00865637
0.6 0.24 0.0224181
0.6 0.3 0.0331626
0.6 0.36 0.0419775
0.6 0.42 0.0494513
0.6 0.48 0.0559384
0.6 0.54 0.0616689
0.6 0.6 0.0668009
0.65 0.195 0.00868064
0.65 0.26 0.0224728
0.65 0.325 0.0332357
0.65 0.39 0.0420629
0.65 0.455 0.0495454
0.65 0.52 0.0560387
0.65 0.585 0.0617741
0.65 0.65 0.0669098
0.7 0.21 0.00870141
0.7 0.28 0.0225198
0.7 0.35 0.0332984
0.7 0.42 0.0421362
0.7 0.49 0.0496258
0.7 0.56 0.0561246
0.7 0.63 0.061864
0.7 0.7 0.0670029
0.75 0.225 0.00871923
0.75 0.3 0.0225605
0.75 0.375 0.0333529
0.75 0.45 0.0421995
0.75 0.525 0.0496955
0.75 0.6 0.0561988
0.75 0.675 0.0619417
0.75 0.75 0.0670832
0.8 0.24 0.0087349
0.8 0.32 0.0225963
0.8 0.4 0.0334007
0.8 0.48 0.0422551
0.8 0.56 0.0497565
0.8 0.64 0.0562637
0.8 0.72 0.0620094
0.8 0.8 0.0671532
