0.4 0.12 0.0084158
0.4 0.16 0.0218474
0.4 0.2 0.0323714
0.4 0.24 0.0410244
0.4 0.28 0.0483714
0.4 0.32 0.0547546
0.4 0.36 0.0603972
0.4 0.4 0.0654526
0.5 0.15 0.00850845
0.5 0.2 0.0220604
0.5 0.25 0.0326564
0.5 0.3 0.0413564
0.5 0.35 0.0487356
0.5 0.4 0.0551415
0.5 0.45 0.0608003
0.5 0.5 0.0658673
0.6 0.18 0.0085728
0.6 0.24 0.0222049
0.6 0.3 0.032848
0.6 0.36 0.0415777
0.6 0.42 0.0489764
0.6 0.48 0.0553952
0.6 0.54 0.0610623
0.6 0.6 0.0661346
0.7 0.21 0.0086187
0.7 0.28 0.0223074
0.7 0.35 0.0329827
0.7 0.42 0.0417319
0.7 0.49 0.0491425
0.7 0.56 0.0555684
0.7 0.63 0.0612395
0.7 0.7 0.0663132
0.8 0.24 0.00865296
0.8 0.32 0.0223832
0.8 0.4 0.0330812
0.8 0.48 0.0418432
0.8 0.56 0.049261
0.8 0.64 0.0556904
0.8 0.72 0.0613623
0.8 0.8 0.0664352
