0.4 0.12 0.00726967
0.4 0.16 0.0179456
0.4 0.2 0.0255281
0.4 0.24 0.031299
0.4 0.28 0.0359124
0.4 0.32 0.0397337
0.4 0.36 0.0429832
0.4 0.4 0.0458035
0.45 0.135 0.00702551
0.45 0.18 0.0172845
0.45 0.225 0.0245592
0.45 0.27 0.0301064
0.45 0.315 0.0345529
0.45 0.36 0.0382453
0.45 0.405 0.041393
0.45 0.45 0.04413
0.5 0.15 0.00679366
0.5 0.2 0.0166821
0.5 0.25 0.0236972
0.5 0.3 0.02906
0.5 0.35 0.0333697
0.5 0.4 0.0369576
0.5 0.45 0.040022
0.5 0.5 0.0426914
0.55 0.165 0.00657872
0.55 0.22 0.0161413
0.55 0.275 0.0229363
0.55 0.33 0.0281447
0.55 0.385 0.0323409
0.55 0.44 0.0358416
0.55 0.495 0.038837
0.55 0.55 0.0414499
0.6 0.18 0.0063829
0.6 0.24 0.0156594
0.6 0.3 0.0222663
0.6 0.36 0.0273436
0.6 0.42 0.0314441
0.6 0.48 0.0348712
0.6 0.54 0.037808
0.6 0.6 0.0403732
0.65 0.195 0.00620549
0.65 0.26 0.015231
0.65 0.325 0.0216756
0.65 0.39 0.0266408
0.65 0.455 0.0306589
0.65 0.52 0.0340228
0.65 0.585 0.0369095
0.65 0.65 0.0394334
0.7 0.21 0.00604513
0.7 0.28 0.0148495
0.7 0.35 0.0211528
0.7 0.42 0.0260209
0.7 0.49 0.0299676
0.7 0.56 0.0332766
0.7 0.63 0.0361194
0.7 0.7 0.0386074
0.75 0.225 0.00590088
0.75 0.3 0.0145097
0.75 0.375 0.0206891
0.75 0.45 0.0254717
0.75 0.525 0.0293559
0.75 0.6 0.0326166
0.75 0.675 0.0354208
0.75 0.75 0.0378773
0.8 0.24 0.00577091
0.8 0.32 0.0142056
0.8 0.4 0.0202754
0.8 0.48 0.0249827
0.8 0.56 0.0288113
0.8 0.64 0.0320292
0.8 0.72 0.0347993
0.8 0.8 0.0372278
