0.4 0.12 0.0070668
0.4 0.16 0.0162976
0.4 0.2 0.0209224
0.4 0.24 0.022846
0.4 0.28 0.0235283
0.4 0.32 0.0237491
0.4 0.36 0.0238177
0.4 0.4 0.0238386
0.45 0.135 0.00655581
0.45 0.18 0.0144171
0.45 0.225 0.0176894
0.45 0.27 0.0187766
0.45 0.315 0.0190891
0.45 0.36 0.0191734
0.45 0.405 0.0191956
0.45 0.45 0.0192014
0.5 0.15 0.005956
0.5 0.2 0.0123773
0.5 0.25 0.0145462
0.5 0.3 0.0151246
0.5 0.35 0.0152621
0.5 0.4 0.0152935
0.5 0.45 0.0153005
0.5 0.5 0.0153021
0.55 0.165 0.00528179
0.55 0.22 0.0103102
0.55 0.275 0.0116737
0.55 0.33 0.0119697
0.55 0.385 0.0120288
0.55 0.44 0.0120403
0.55 0.495 0.0120425
0.55 0.55 0.0120429
0.6 0.18 0.00456028
0.6 0.24 0.00834484
0.6 0.3 0.00916866
0.6 0.36 0.00931652
0.6 0.42 0.00934156
0.6 0.48 0.00934573
0.6 0.54 0.00934643
0.6 0.6 0.00934655
0.65 0.195 0.00382796
0.65 0.26 0.00657793
0.65 0.325 0.00706192
0.65 0.39 0.00713469
0.65 0.455 0.00714521
0.65 0.52 0.00714671
0.65 0.585 0.00714692
0.65 0.65 0.00714695
0.7 0.21 0.00312384
0.7 0.28 0.00506374
0.7 0.35 0.00534267
0.7 0.42 0.00537814
0.7 0.49 0.00538253
0.7 0.56 0.00538308
0.7 0.63 0.00538314
0.7 0.7 0.00538315
0.75 0.225 0.00248156
0.75 0.3 0.00381763
0.75 0.375 0.00397632
0.75 0.45 0.00399349
0.75 0.525 0.00399532
0.75 0.6 0.00399551
0.75 0.675 0.00399553
0.75 0.75 0.00399554
0.8 0.24 0.00192355
0.8 0.32 0.00282667
0.8 0.4 0.00291618
0.8 0.48 0.00292445
0.8 0.56 0.00292521
0.8 0.64 0.00292526
0.8 0.72 0.00292529
0.8 0.8 0.00292527
